7.269842630044893728e-01 1.924431720644202981e+00 3.089962159769008121e+00
2.684495409224852969e-01 2.201452541912179317e+00 5.641683125773125695e+00
1.792522979945875283e-01 2.492466123839015335e+00 1.741876017672256083e+00
5.383790202435579930e-01 2.437866874625917113e+00 4.192291209046719480e+00
5.659949142152274904e-02 1.174680363860642229e+00 2.385896807754596671e-01
1.648915652324571546e-01 2.766657792539164884e+00 1.256274816389915117e-01
8.724864210972450573e-01 9.031010710631866001e-01 1.547161337897486000e+00
1.788388303407300040e-01 1.286033024050720730e+00 1.949256557739119211e+00
9.916992137009960073e-01 2.670663849326589290e+00 3.808234133678789490e+00
6.361889052556854995e-01 2.423336076825578278e+00 5.909607164171492677e+00
3.312936100294386343e-01 1.860467607732617878e+00 7.701588633259806027e-01
3.220386678505984257e-01 8.563632236085523264e-01 2.961709726128592957e-01
3.846266727858558276e-01 2.426957005234337661e+00 5.144582235644452606e-01
6.708273293750095512e-01 1.089947833702560320e+00 4.533557323896252877e-01
2.700792595324104650e-01 4.829754529280833597e-01 1.857839565213310840e+00
6.748088022422876753e-01 2.819625498366347127e+00 3.277316492653930879e+00
5.446659424881420408e-01 1.776310648035398732e+00 1.320092709184107482e+00
3.541844862768703250e-01 9.953786227288113908e-01 2.258609115259891276e+00
2.132792163632255267e-01 2.166178476857726132e+00 3.683985007881194207e+00
7.245157162481707935e-01 2.283535417102245280e+00 1.861176826569396647e+00
9.626684137871400759e-01 9.879275759553310943e-01 7.670855290727045528e-01
5.992198985874488404e-01 1.123633850271972490e+00 2.212464488452586808e-02
6.546688699265762468e-02 2.648583164404697321e+00 1.481906977450769380e+00
1.637441491524040116e-01 1.480279344466987279e+00 5.397794521834512693e+00
1.208168783090109777e+00 1.243293323144719492e-01 7.106609300991710843e-01
2.452307437630398268e-01 6.413686162019605064e-01 6.000185354586253794e+00
3.835871221045116242e-01 7.224124329864760607e-01 3.760941299547086558e+00
1.254969967968134981e+00 1.978553667089474555e+00 3.540350544665136656e+00
8.202632171304619080e-02 1.492187262914901558e+00 3.168190102431697741e-01
9.466792122956790845e-01 1.308354265262898775e+00 3.220451378839636281e+00
5.297400725157497270e-01 2.144074927064282932e+00 1.799479004271534732e+00
5.343339389987188381e-01 1.968121267094831373e+00 2.000803035811165476e+00
4.609321091211904808e-01 1.488670183858393781e+00 5.789439358058304563e+00
2.175342699241662459e-01 1.366965778613731031e+00 4.644979364883312201e+00
4.009730825666562581e-01 9.255797844388258255e-01 1.141441445506103047e+00
1.380574562001365413e-01 2.214768823081849636e+00 2.625172129972366708e+00
5.136006961197148168e-01 1.287773404165977853e+00 2.257999559385937882e+00
1.035794348664808906e+00 1.141786226843813035e+00 2.975648636772717737e+00
5.664855106380722871e-01 2.549660392677385090e+00 1.776230327234258610e-01
2.353036386533838564e-01 9.190993370237477977e-01 3.848564327015341568e+00
3.724657986848792790e-01 2.085990174444919187e+00 2.223974334697010891e-01
4.597476519869091449e-01 2.723220825576057713e+00 1.437195717973169806e+00
5.807911359125900175e-01 2.058667588884547595e+00 5.702161416601034816e+00
1.342771497014518589e+00 2.238473267673451783e+00 1.384560612479906749e-01
1.465614851459825672e-03 2.642603181072432861e+00 4.065979881865901646e+00
2.653064292827851389e-01 1.875517043778846427e+00 2.006293063562600010e-01
6.090209558158241610e-01 2.421178824574231836e+00 2.759268600803973737e+00
6.280702401353244202e-01 1.103589107625703392e+00 1.330199346160059859e+00
1.448427689240114891e+00 9.260156083409185612e-01 6.039553350036012347e+00
1.299076121026699893e-01 9.985601587556858227e-01 1.710352294196061829e+00
1.413029087127684269e+00 1.879314313996233610e+00 1.825427742876136961e+00
7.444870533418987968e-01 2.393275082966678902e+00 3.995559517891357437e+00
5.579770276993818445e-01 6.836345762438511553e-01 4.135247844683339835e+00
6.879468439013637360e-01 8.981914320760279180e-01 5.752785084958158990e+00
3.531554716646527481e-02 5.147306772517250550e-01 5.972218616455134743e+00
8.740067763032535186e-01 1.171006576323608828e+00 5.265593046774771580e+00
8.131347254148425518e-01 9.980291513299492934e-01 1.988948074244306419e+00
2.804110236831376390e-01 1.856525314625719458e+00 3.840261399535441988e+00
2.508600586146707001e-01 1.500167331899598944e+00 4.727284536013002025e+00
1.067102079095407330e+00 1.037048684408061527e+00 8.081254153485969427e-01
4.470467249071402929e-03 2.545905986504096052e+00 5.893457058241790669e+00
2.173119003621348799e-01 1.672165095950704394e+00 6.894071544794900808e-01
7.035261991783142710e-01 1.587049525038044973e+00 1.821137740087964252e+00
1.731975882737045724e+00 1.208847778850600685e+00 1.359488307971396637e+00
1.421799719502326642e+00 1.921849180867843065e+00 5.844095604234889940e+00
2.679415688756366931e-01 2.145762028049517767e+00 2.623344174402006068e+00
4.598300993749970811e-01 2.013289420221549886e+00 2.973667244142183641e+00
1.121711179776655909e+00 2.318298283563319906e+00 1.722680089643483292e+00
1.221922703416973510e+00 5.502158492136763890e-01 8.256419939873012037e-01
8.090196657911649658e-02 1.094126870366961546e+00 1.741824810536386048e+00
1.105400630150594338e-01 2.209857127382475639e+00 4.344258992983640155e+00
3.144852986789175020e-01 1.268724929506157784e+00 4.130499181147715859e+00
5.964335131996587602e-01 1.471827805159595659e+00 6.277894797883671885e+00
7.379364621357120679e-01 2.419072202497409840e+00 1.716694218229616875e-01
3.109064085308504422e-01 1.399241640554926613e+00 4.284813485839489289e+00
6.485725713986167928e-02 1.989680510111168310e+00 2.067582664607259813e-01
2.253467394539876156e-01 2.152922154560204859e+00 2.091477611530017544e+00
2.511314531291591323e-01 1.430818699240669734e+00 3.368604464817061217e+00
3.292363726830863091e-01 1.521797792939886262e-01 4.916269402589801274e+00
5.870976058939942899e-01 2.870932511711041357e+00 4.839641522060452172e-01
5.956530002999359530e-01 5.722608511198665759e-01 1.847796325722203648e+00
1.917256898347934890e-01 4.528974662506204951e-01 2.595556569461591412e+00
1.394991875670836268e-01 9.227440221941216603e-01 2.019800413642462100e+00
7.593827721014090315e-01 1.969982768840011333e+00 3.009337490024872608e+00
6.676470776963481235e-01 2.501210573640414658e+00 1.672949629950792327e-01
7.244405224689230982e-01 6.924707335445451362e-01 1.715211607963383456e+00
1.047327306514434175e+00 1.244306949051601663e+00 2.441577097241418581e+00
3.105767010735787648e-01 1.793447312540093153e+00 4.670144660521219571e+00
3.887037626024623105e-01 2.651899612856652766e+00 3.278642990891215803e+00
7.525942184875189511e-01 1.343692077266180895e+00 2.335054148225223614e+00
4.329647117537371304e-01 1.738116944875828240e+00 4.124681144369604979e+00
3.506002227073574673e-01 1.155208157209122177e+00 5.780425942275638995e+00
1.641715958751472915e+00 2.665186163733756497e-01 1.187171208385804144e+00
5.883287539410418931e-01 1.892587180125504309e+00 2.202635973647623313e+00
4.213533793091086554e-01 2.110380875799449552e+00 5.001358795921140299e+00
2.903986828923879049e-01 2.025671557015291668e+00 1.043587883256971383e+00
1.902573285306385364e-01 1.678206156164901541e+00 2.038753337991554115e+00
1.074986278086632385e+00 1.453486246838344709e+00 6.149604555049606347e+00
2.236409069411589290e-01 1.081497327248459595e+00 2.574945317989174032e-01
3.488522813116963217e-01 1.461937764569504195e+00 5.314460471562161281e+00
